# R-band photometry of Kuiper Belt object (139775) 2001 QG298
# Source: Sheppard & Jewitt 2004, AJ 127, 3023 (Table 2), UH 2.2 m telescope
# Retrieved from VizieR catalog J/AJ/127/3023/table2 (2026-07-16)
# The published table lists no per-point uncertainties; a uniform 0.05 mag
# (the mid-range of the photometric errors quoted in the paper) is adopted
# in the third column.
# Rotation (= binary orbit) period: 13.7744 h (double-peaked; Sheppard &
# Jewitt 2004); best-fit Roche contact binary with rho ~ 590 kg m^-3
# (Lacerda & Jewitt 2007).  Rows 1-23 are the 2002 September apparition;
# the 2003 August-September block (JD > 2452870) is the one modelled in
# the SoloDuet example.
# JD  Rmag  Rerr
2452529.825347 21.673 0.05
2452529.831840 21.542 0.05
2452529.838356 21.539 0.05
2452529.857326 21.429 0.05
2452529.863819 21.396 0.05
2452529.870451 21.311 0.05
2452529.876458 21.351 0.05
2452529.894734 21.282 0.05
2452529.900648 21.281 0.05
2452529.922188 21.315 0.05
2452529.928102 21.299 0.05
2452529.953600 21.440 0.05
2452529.959514 21.560 0.05
2452530.822419 21.398 0.05
2452530.827755 21.476 0.05
2452530.909514 22.458 0.05
2452530.915428 22.377 0.05
2452530.946725 22.004 0.05
2452530.952639 21.906 0.05
2452531.000255 21.427 0.05
2452531.006169 21.438 0.05
2452531.060394 21.249 0.05
2452531.066308 21.259 0.05
2452873.949815 21.356 0.05
2452873.963079 21.341 0.05
2452873.968125 21.315 0.05
2452873.973287 21.381 0.05
2452873.978090 21.343 0.05
2452873.982859 21.312 0.05
2452874.014711 21.375 0.05
2452874.019815 21.452 0.05
2452874.024630 21.425 0.05
2452874.030799 21.521 0.05
2452874.035567 21.549 0.05
2452874.071111 21.808 0.05
2452874.075868 21.899 0.05
2452874.080613 21.946 0.05
2452874.085405 21.993 0.05
2452874.090150 22.069 0.05
2452874.094919 22.093 0.05
2452874.099699 22.150 0.05
2452874.118981 22.460 0.05
2452874.123738 22.444 0.05
2452878.024653 21.383 0.05
2452878.028287 21.390 0.05
2452878.065544 21.565 0.05
2452878.070833 21.667 0.05
2452878.087187 21.843 0.05
2452878.092014 21.784 0.05
2452878.108171 22.045 0.05
2452878.114120 22.150 0.05
2452878.842442 21.289 0.05
2452878.847280 21.336 0.05
2452878.875706 21.377 0.05
2452878.880521 21.380 0.05
2452878.909144 21.443 0.05
2452878.914016 21.509 0.05
2452878.938854 21.717 0.05
2452878.943669 21.792 0.05
2452878.969479 22.072 0.05
2452878.974294 22.094 0.05
2452878.998981 22.315 0.05
2452879.003808 22.382 0.05
2452879.023090 22.168 0.05
2452879.027928 22.070 0.05
2452879.040324 21.884 0.05
2452879.045139 21.826 0.05
2452879.064826 21.648 0.05
2452879.069688 21.614 0.05
2452879.093657 21.461 0.05
2452879.098472 21.460 0.05
2452879.115220 21.367 0.05
2452879.120046 21.378 0.05
2452879.799074 21.752 0.05
2452879.803877 21.805 0.05
2452879.821053 22.002 0.05
2452879.825868 22.038 0.05
2452879.856042 22.498 0.05
2452879.860810 22.513 0.05
2452879.875150 22.389 0.05
2452879.879907 22.374 0.05
2452879.909942 21.864 0.05
2452879.914757 21.788 0.05
2452879.942234 21.550 0.05
2452879.946991 21.471 0.05
2452879.984167 21.411 0.05
2452879.991690 21.369 0.05
2452880.036933 21.405 0.05
2452880.041713 21.458 0.05
2452880.073113 21.644 0.05
2452880.077882 21.659 0.05
2452880.116748 22.043 0.05
2452880.121516 22.181 0.05
2452909.778553 21.600 0.05
2452909.783368 21.553 0.05
2452909.929965 21.675 0.05
2452909.934734 21.709 0.05
2452910.031238 21.948 0.05
2452910.036042 21.812 0.05
2452910.775637 21.643 0.05
2452910.780428 21.631 0.05
2452910.872708 22.301 0.05
2452910.877512 22.267 0.05
2452910.922500 21.719 0.05
2452910.927292 21.644 0.05
2452910.999086 21.327 0.05
2452911.003889 21.321 0.05
2452911.052442 21.453 0.05
2452911.057245 21.472 0.05
2452912.847847 22.267 0.05
2452912.853981 22.259 0.05
2452912.980116 21.334 0.05
2452912.985961 21.379 0.05
