# Relative R/V photometry of (433) Eros
# Source: DAMIT (Durech, Sidorin & Kaasalainen 2010, A&A 513, A46),
#   https://damit.cuni.cz asteroid id 1714, light curve index 63 of the exportAllForAsteroid plaintext export (retrieved 2026-07-16);
#   original photometry from the literature as archived by DAMIT.
# Ground truth: spacecraft-verified single elongated body (NEAR Shoemaker: 34.4 x 11.2 x 11.2 km, rho = 2.67 g/cm3; Veverka et al. 2000).
# Rotation period: 5.27025528 h (DAMIT).  Spin pole: ecliptic (lambda, beta) = (17, 11) deg.
# Geometry of this block: solar phase angle alpha = 8.8 deg, aspect angle = 84.3 deg (from the DAMIT Sun/Earth vectors).
# Differential magnitudes about the block mean (relative photometry;
# a uniform 0.02 mag uncertainty is adopted).
# JD  dmag  err
2442435.715258 +0.0369 0.02
2442435.719008 +0.1149 0.02
2442435.721967 +0.1819 0.02
2442435.724550 +0.2799 0.02
2442435.727175 +0.3619 0.02
2442435.728300 +0.3979 0.02
2442435.729217 +0.4319 0.02
2442435.730342 +0.4639 0.02
2442435.731633 +0.4939 0.02
2442435.731633 +0.5319 0.02
2442435.731842 +0.5449 0.02
2442435.733133 +0.5529 0.02
2442435.734967 +0.5619 0.02
2442435.734967 +0.5479 0.02
2442435.736300 +0.5479 0.02
2442435.737967 +0.5339 0.02
2442435.739258 +0.5089 0.02
2442435.739842 +0.4789 0.02
2442435.740008 +0.4789 0.02
2442435.741675 +0.4499 0.02
2442435.742050 +0.4169 0.02
2442435.743717 +0.3809 0.02
2442435.743925 +0.3469 0.02
2442435.744842 +0.3119 0.02
2442435.747467 +0.2209 0.02
2442435.750050 +0.1419 0.02
2442435.753217 +0.0689 0.02
2442435.755092 +0.0099 0.02
2442435.758050 -0.0481 0.02
2442435.760675 -0.0981 0.02
2442435.762717 -0.1461 0.02
2442435.764758 -0.1901 0.02
2442435.767717 -0.2261 0.02
2442435.769383 -0.2671 0.02
2442435.772383 -0.2951 0.02
2442435.773675 -0.3201 0.02
2442435.778508 -0.3701 0.02
2442435.779258 -0.3861 0.02
2442435.780758 -0.4021 0.02
2442435.782800 -0.4081 0.02
2442435.783342 -0.4181 0.02
2442435.784633 -0.4271 0.02
2442435.786133 -0.4331 0.02
2442435.788758 -0.4361 0.02
2442435.790800 -0.4391 0.02
2442435.793592 -0.4381 0.02
2442435.795425 -0.4321 0.02
2442435.796925 -0.4261 0.02
2442435.798217 -0.4141 0.02
2442435.799550 -0.4051 0.02
2442435.800258 -0.3961 0.02
2442435.801592 -0.3821 0.02
2442435.802675 -0.3681 0.02
2442435.804550 -0.3421 0.02
2442435.806967 -0.3171 0.02
2442435.809217 -0.2791 0.02
2442435.811050 -0.2551 0.02
2442435.812550 -0.2141 0.02
2442435.814050 -0.1721 0.02
2442435.816467 -0.1221 0.02
2442435.818300 -0.0701 0.02
2442435.820175 -0.0111 0.02
2442435.822592 +0.0509 0.02
2442435.824633 +0.1129 0.02
2442435.826883 +0.1639 0.02
2442435.828383 +0.2339 0.02
2442435.830967 +0.3069 0.02
2442435.831717 +0.3679 0.02
2442435.833217 +0.3619 0.02
2442435.835050 +0.4179 0.02
2442435.835425 +0.4419 0.02
2442435.836175 +0.4579 0.02
2442435.837300 +0.4969 0.02
2442435.838592 +0.5139 0.02
2442435.841592 +0.5279 0.02
2442435.843425 +0.5269 0.02
2442435.845092 +0.5049 0.02
2442435.847342 +0.4739 0.02
2442435.847883 +0.4599 0.02
2442435.848467 +0.4309 0.02
2442435.849383 +0.4069 0.02
2442435.851258 +0.3799 0.02
2442435.854425 +0.2959 0.02
2442435.855342 +0.2099 0.02
2442435.857383 +0.1329 0.02
2442435.857758 +0.1379 0.02
2442435.859967 +0.0839 0.02
2442435.860550 +0.0739 0.02
2442435.862758 +0.0209 0.02
2442435.864842 -0.0421 0.02
2442435.867425 -0.0861 0.02
2442435.870383 -0.1251 0.02
2442435.872633 -0.1691 0.02
2442435.874300 -0.2011 0.02
2442435.875967 -0.2371 0.02
2442435.878217 -0.2671 0.02
2442435.880633 -0.2941 0.02
2442435.882675 -0.3181 0.02
2442435.885300 -0.3391 0.02
2442435.886592 -0.3491 0.02
2442435.888633 -0.3551 0.02
2442435.889175 -0.3601 0.02
2442435.891050 -0.3641 0.02
2442435.893092 -0.3731 0.02
2442435.895508 -0.3731 0.02
2442435.897383 -0.3731 0.02
2442435.899425 -0.3711 0.02
2442435.901092 -0.3671 0.02
2442435.902217 -0.3651 0.02
2442435.904258 -0.3621 0.02
2442435.906133 -0.3541 0.02
2442435.907050 -0.3401 0.02
2442435.909467 -0.3141 0.02
2442435.912258 -0.2791 0.02
2442435.914675 -0.2601 0.02
2442435.916550 -0.2301 0.02
2442435.918592 -0.1841 0.02
2442435.919342 -0.1841 0.02
2442435.920633 -0.1571 0.02
2442435.921175 -0.1551 0.02
2442435.921925 -0.1131 0.02
2442435.923217 -0.1181 0.02
2442435.924175 -0.0811 0.02
2442435.924175 -0.0781 0.02
2442435.926758 -0.0131 0.02
2442435.929008 +0.0219 0.02
2442435.931800 +0.0949 0.02
2442435.933467 +0.1519 0.02
2442435.936800 +0.2189 0.02
2442435.938675 +0.2889 0.02
2442435.941633 +0.3699 0.02
2442435.943508 +0.4599 0.02
2442435.945008 +0.4859 0.02
2442435.945383 +0.5169 0.02
2442435.946467 +0.5419 0.02
2442435.948175 +0.5729 0.02
2442435.950383 +0.5749 0.02
2442435.951133 +0.5669 0.02
2442435.951508 +0.5369 0.02
2442435.952800 +0.5349 0.02
2442435.953383 +0.5219 0.02
2442435.954300 +0.4759 0.02
2442435.954842 +0.4509 0.02
2442435.956717 +0.4079 0.02
2442435.957258 +0.3799 0.02
2442435.960258 +0.2939 0.02
